diff: -1.2745077536596618
epsilon_RC: 0.19549224634033818
epsilon_cos: 1.47
pass_within_3sigma: false
sigma_RC: 0.025127667488614377
