AIC_full: 13787.964163931447
AIC_quad: 2166.5297565214623
BIC_full: 14298.114883478307
BIC_quad: 2676.6804760683226
H0_si: 2.1842852410855023e-18
N_total: 1782
a0_median: 1.0317339909664652e-10
a0_p16: 1.0019619114675742e-10
a0_p84: 1.0616295460297391e-10
backend_hdf5: results/revision_robustness_core_multiseed12000/seed_13/mond_gauss/chain.h5
burn_in: 4000
chi2_total: 1980.5297565214623
epsilon_median: null
epsilon_p16: null
epsilon_p84: null
k_parameters: 93
likelihood: gauss
logL_total_full: -6800.982081965723
model: mond
n_galaxies: 91
nwalkers: 192
prior: galaxies-only
q_median: null
q_p16: null
q_p84: null
resumed: false
sigma_sys_median: 7.789505299261624
sigma_sys_p16: 7.571491285380826
sigma_sys_p84: 8.015787193431834
steps: 12000
t_dof: 8.0
thin: 1
