AIC_full: 13813.97175390098
AIC_quad: 2199.5198919068544
BIC_full: 14329.607965055871
BIC_quad: 2715.1561030617454
H0_si: 2.1842852410855023e-18
N_total: 1782
a0_median: 1.3500564522999899e-10
a0_p16: 1.2633276946857833e-10
a0_p84: 1.4438049862962477e-10
backend_hdf5: results/revision_robustness_core_multiseed12000/seed_7/mond-screen_gauss/chain.h5
burn_in: 4000
chi2_total: 2011.5198919068544
epsilon_median: null
epsilon_p16: null
epsilon_p84: null
k_parameters: 94
likelihood: gauss
logL_total_full: -6812.98587695049
model: mond-screen
n_galaxies: 91
nwalkers: 192
prior: galaxies-only
q_median: 0.9239156192851962
q_p16: 0.907387313108767
q_p84: 0.9409401518081943
resumed: false
sigma_sys_median: 7.772663078893693
sigma_sys_p16: 7.547485497467998
sigma_sys_p84: 7.993759836224121
steps: 12000
t_dof: 8.0
thin: 1
