AIC_full: 13796.405787534379
AIC_quad: 2183.1005894575264
BIC_full: 14312.04199868927
BIC_quad: 2698.736800612417
H0_si: 2.1842852410855023e-18
N_total: 1782
a0_median: null
a0_p16: null
a0_p84: null
backend_hdf5: results/revision_robustness_core_multiseed12000/seed_7/ptq-screen_gauss/chain.h5
burn_in: 4000
chi2_total: 1995.1005894575262
epsilon_median: 0.20174323767277771
epsilon_p16: 0.18921068388927503
epsilon_p84: 0.2161787109419015
k_parameters: 94
likelihood: gauss
logL_total_full: -6804.202893767189
model: ptq-screen
n_galaxies: 91
nwalkers: 192
prior: galaxies-only
q_median: 0.9232870490249405
q_p16: 0.906497982514784
q_p84: 0.9400435532259562
resumed: false
sigma_sys_median: 7.770560995902937
sigma_sys_p16: 7.511595825853692
sigma_sys_p84: 8.009709665028645
steps: 12000
t_dof: 8.0
thin: 1
