AIC_full: 13773.651022651193
AIC_quad: 2147.8775222902213
BIC_full: 14289.287233806084
BIC_quad: 2663.513733445112
H0_si: 2.1842852410855023e-18
N_total: 1782
a0_median: null
a0_p16: null
a0_p84: null
backend_hdf5: results/revision_robustness_core_multiseed12000/seed_13/ptq-screen_gauss/chain.h5
burn_in: 4000
chi2_total: 1959.8775222902211
epsilon_median: 0.18881647114115183
epsilon_p16: 0.17782610086792322
epsilon_p84: 0.20084324468654954
k_parameters: 94
likelihood: gauss
logL_total_full: -6792.825511325596
model: ptq-screen
n_galaxies: 91
nwalkers: 192
prior: galaxies-only
q_median: 0.9335426338789236
q_p16: 0.9170167038743382
q_p84: 0.9501647820762181
resumed: false
sigma_sys_median: 7.81278410595064
sigma_sys_p16: 7.582259662650236
sigma_sys_p84: 8.042958345590218
steps: 12000
t_dof: 8.0
thin: 1
