AIC_full: 13768.725720445116
AIC_quad: 2151.8785941451133
BIC_full: 14278.876439991976
BIC_quad: 2662.0293136919736
H0_si: 2.1842852410855023e-18
N_total: 1782
a0_median: 1.0344648358920195e-10
a0_p16: 1.0051872273246228e-10
a0_p84: 1.0656595249257455e-10
backend_hdf5: results/revision_baseline_sixmodels_12000/mond_gauss/chain.h5
burn_in: 4000
chi2_total: 1965.8785941451135
epsilon_median: null
epsilon_p16: null
epsilon_p84: null
k_parameters: 93
likelihood: gauss
logL_total_full: -6791.362860222558
model: mond
n_galaxies: 91
nwalkers: 192
prior: galaxies-only
q_median: null
q_p16: null
q_p84: null
resumed: false
sigma_sys_median: 7.77256514855653
sigma_sys_p16: 7.5478615421306685
sigma_sys_p84: 8.00686225037445
steps: 12000
t_dof: 8.0
thin: 1
