AIC_full: 13779.777844943397
AIC_quad: 2168.325209929324
BIC_full: 14295.414056098289
BIC_quad: 2683.961421084215
H0_si: 2.1842852410855023e-18
N_total: 1782
a0_median: null
a0_p16: null
a0_p84: null
backend_hdf5: results/revision_baseline_sixmodels_12000/ptq-screen_gauss/chain.h5
burn_in: 4000
chi2_total: 1980.325209929324
epsilon_median: 0.20185898132001753
epsilon_p16: 0.18818123938185238
epsilon_p84: 0.21762297302935732
k_parameters: 94
likelihood: gauss
logL_total_full: -6795.888922471699
model: ptq-screen
n_galaxies: 91
nwalkers: 192
prior: galaxies-only
q_median: 0.9249334859969276
q_p16: 0.9062991246277885
q_p84: 0.9428836477643389
resumed: false
sigma_sys_median: 7.765101621194403
sigma_sys_p16: 7.540935155937864
sigma_sys_p84: 8.003465188314896
steps: 12000
t_dof: 8.0
thin: 1
