AIC_full: 14418.324547984905
AIC_quad: 3018.6748375582465
BIC_full: 14928.475267531765
BIC_quad: 3528.825557105107
H0_si: 2.1842852410855023e-18
N_total: 1782
a0_median: 1.0450177678466361e-10
a0_p16: 1.0072299327144143e-10
a0_p84: 1.0810340691310093e-10
backend_hdf5: results/revision_prod_20260306/mond_gauss/chain.h5
burn_in: 133
chi2_total: 2832.6748375582465
epsilon_median: null
epsilon_p16: null
epsilon_p84: null
k_parameters: 93
likelihood: gauss
logL_total_full: -7116.162273992452
model: mond
n_galaxies: 91
nwalkers: 192
prior: galaxies-only
q_median: null
q_p16: null
q_p84: null
resumed: false
sigma_sys_median: 7.0602733341179835
sigma_sys_p16: 6.537729672029597
sigma_sys_p84: 7.480912917168241
steps: 400
t_dof: 8.0
thin: 1
