AIC_full: 14037.222579153336
AIC_quad: 2326.088077525124
BIC_full: 14552.858790308228
BIC_quad: 2841.724288680015
H0_si: 2.1842852410855023e-18
N_total: 1782
a0_median: 1.3130607569420543e-10
a0_p16: 1.2288986925083993e-10
a0_p84: 1.4118248704235676e-10
backend_hdf5: results/revision_prod_20260306_core3000/mond-screen_gauss/chain.h5
burn_in: 1000
chi2_total: 2138.088077525124
epsilon_median: null
epsilon_p16: null
epsilon_p84: null
k_parameters: 94
likelihood: gauss
logL_total_full: -6924.611289576668
model: mond-screen
n_galaxies: 91
nwalkers: 192
prior: galaxies-only
q_median: 0.931288607632301
q_p16: 0.9121000643844456
q_p84: 0.9508144083939777
resumed: false
sigma_sys_median: 8.1002070448162
sigma_sys_p16: 7.797788827216202
sigma_sys_p84: 8.382159966837365
steps: 3000
t_dof: 8.0
thin: 1
