diff: -1.2815630942553184
epsilon_RC: 0.210350593466898
epsilon_cos: 1.4919136877222163
pass_within_3sigma: false
sigma_RC: 0.015042760721699938
