AIC_full: 13776.337035844459
AIC_quad: 2159.377333835024
BIC_full: 14291.97324699935
BIC_quad: 2675.013544989915
H0_si: 2.1842852410855023e-18
N_total: 1782
a0_median: null
a0_p16: null
a0_p84: null
backend_hdf5: results/revision_prod_equal12000_fresh/ptq-screen_gauss/chain.h5
burn_in: 4000
chi2_total: 1971.377333835024
epsilon_median: 0.210350593466898
epsilon_p16: 0.19658792916984938
epsilon_p84: 0.22667345061324926
k_parameters: 94
likelihood: gauss
logL_total_full: -6794.1685179222295
model: ptq-screen
n_galaxies: 91
nwalkers: 192
prior: galaxies-only
q_median: 0.9117642770860701
q_p16: 0.8932631464575487
q_p84: 0.9296071721524224
resumed: false
sigma_sys_median: 7.785023641775353
sigma_sys_p16: 7.546764004161736
sigma_sys_p84: 8.021494740372779
steps: 12000
t_dof: 8.0
thin: 1
