AIC_full: 13800.19545237389
AIC_quad: 2164.304681189509
BIC_full: 14315.831663528781
BIC_quad: 2679.9408923444003
H0_si: 2.1842852410855023e-18
N_total: 1782
a0_median: 1.2873126535335075e-10
a0_p16: 1.206822915882996e-10
a0_p84: 1.3792157701589027e-10
backend_hdf5: results/revision_prod_equal12000_fresh/mond-screen_gauss/chain.h5
burn_in: 4000
chi2_total: 1976.3046811895094
epsilon_median: null
epsilon_p16: null
epsilon_p84: null
k_parameters: 94
likelihood: gauss
logL_total_full: -6806.097726186945
model: mond-screen
n_galaxies: 91
nwalkers: 192
prior: galaxies-only
q_median: 0.9246667900054859
q_p16: 0.9067562650835802
q_p84: 0.9416785030737148
resumed: false
sigma_sys_median: 7.848712575651386
sigma_sys_p16: 7.597537480527086
sigma_sys_p84: 8.091815059417174
steps: 12000
t_dof: 8.0
thin: 1
