AIC_full: 14140.027870679813
AIC_quad: 2591.380990221609
BIC_full: 14655.664081834704
BIC_quad: 3107.0172013765
H0_si: 2.1842852410855023e-18
N_total: 1782
a0_median: null
a0_p16: null
a0_p84: null
backend_hdf5: results/revision_prod_20260306_core3000/ptq-screen_gauss/chain.h5
burn_in: 1000
chi2_total: 2403.380990221609
epsilon_median: 0.1781658759706243
epsilon_p16: 0.16555551971454557
epsilon_p84: 0.19113384391137211
k_parameters: 94
likelihood: gauss
logL_total_full: -6976.013935339906
model: ptq-screen
n_galaxies: 91
nwalkers: 192
prior: galaxies-only
q_median: 0.9504012872585339
q_p16: 0.9310830833226369
q_p84: 0.9720315959487997
resumed: false
sigma_sys_median: 7.555673358293774
sigma_sys_p16: 7.270797768558053
sigma_sys_p84: 7.852078078281994
steps: 3000
t_dof: 8.0
thin: 1
