AIC_full: 15528.306557802107
AIC_quad: 5071.981379403802
BIC_full: 16043.942768956998
BIC_quad: 5587.617590558692
H0_si: 2.1842852410855023e-18
N_total: 1782
a0_median: null
a0_p16: null
a0_p84: null
backend_hdf5: results/ptq-screen_gauss/chain.h5
burn_in: 33
chi2_total: 4883.981379403802
epsilon_median: 0.19549224634033818
epsilon_p16: 0.17693040912481478
epsilon_p84: 0.22718574410204354
k_parameters: 94
likelihood: gauss
logL_total_full: -7670.153278901053
model: ptq-screen
n_galaxies: 91
nwalkers: 188
prior: galaxies-only
q_median: 0.9348832636122277
q_p16: 0.9093499560286968
q_p84: 0.963899220204617
resumed: false
sigma_sys_median: 4.301722322394484
sigma_sys_p16: 4.1080290742427055
sigma_sys_p84: 4.507391237520561
steps: 100
t_dof: 8.0
thin: 10
