diff: -1.2998387698574452
epsilon_RC: 0.19207491786477116
epsilon_cos: 1.4919136877222163
pass_within_3sigma: false
sigma_RC: 0.014188499960915438
