AIC_full: 13783.679726750192
AIC_quad: 2193.084676310852
BIC_full: 14299.315937905083
BIC_quad: 2708.720887465743
H0_si: 2.1842852410855023e-18
N_total: 1782
a0_median: null
a0_p16: null
a0_p84: null
backend_hdf5: results/revision_prod_20260306_core3000/ptq-screen_gauss/chain.h5
burn_in: 4000
chi2_total: 2005.0846763108523
epsilon_median: 0.19207491786477116
epsilon_p16: 0.1783719295564916
epsilon_p84: 0.20674892947832246
k_parameters: 94
likelihood: gauss
logL_total_full: -6797.839863375096
model: ptq-screen
n_galaxies: 91
nwalkers: 192
prior: galaxies-only
q_median: 0.936693994062057
q_p16: 0.9168952243628553
q_p84: 0.9570421464788454
resumed: true
sigma_sys_median: 7.692728764005126
sigma_sys_p16: 7.458138050873753
sigma_sys_p84: 7.922384882582277
steps: 12000
t_dof: 8.0
thin: 1
