AIC_full: 13766.798972790506
AIC_quad: 2128.595793019843
BIC_full: 14276.949692337366
BIC_quad: 2638.7465125667027
H0_si: 2.1842852410855023e-18
N_total: 1782
a0_median: null
a0_p16: null
a0_p84: null
backend_hdf5: results/revision_robustness_core_multiseed12000/seed_0/ptq-nu_gauss/chain.h5
burn_in: 4000
chi2_total: 1942.5957930198426
epsilon_median: 0.15954761389450453
epsilon_p16: 0.15488944925818102
epsilon_p84: 0.1640926435334326
k_parameters: 93
likelihood: gauss
logL_total_full: -6790.399486395253
model: ptq-nu
n_galaxies: 91
nwalkers: 192
prior: galaxies-only
q_median: null
q_p16: null
q_p84: null
resumed: false
sigma_sys_median: 7.844282547179383
sigma_sys_p16: 7.617339862252577
sigma_sys_p84: 8.084002720723944
steps: 12000
t_dof: 8.0
thin: 1
