AIC_full: 13757.566472479142
AIC_quad: 2123.3909509482482
BIC_full: 14273.202683634034
BIC_quad: 2639.027162103139
H0_si: 2.1842852410855023e-18
N_total: 1782
a0_median: 1.278171325802548e-10
a0_p16: 1.1953917563950523e-10
a0_p84: 1.368561101129751e-10
backend_hdf5: results/revision_robustness_core_multiseed12000/seed_13/mond-screen_gauss/chain.h5
burn_in: 4000
chi2_total: 1935.390950948248
epsilon_median: null
epsilon_p16: null
epsilon_p84: null
k_parameters: 94
likelihood: gauss
logL_total_full: -6784.783236239571
model: mond-screen
n_galaxies: 91
nwalkers: 192
prior: galaxies-only
q_median: 0.9273458899121686
q_p16: 0.9102879722401183
q_p84: 0.9444948732973268
resumed: false
sigma_sys_median: 7.841640150168343
sigma_sys_p16: 7.608060530794646
sigma_sys_p84: 8.081746538783001
steps: 12000
t_dof: 8.0
thin: 1
