AIC_full: 13760.273049665513
AIC_quad: 2158.1788896508397
BIC_full: 14270.423769212373
BIC_quad: 2668.3296091976995
H0_si: 2.1842852410855023e-18
N_total: 1782
a0_median: 1.0258559406733591e-10
a0_p16: 9.94779104467507e-11
a0_p84: 1.0567554541263699e-10
backend_hdf5: results/revision_robustness_core_multiseed12000/seed_7/mond_gauss/chain.h5
burn_in: 4000
chi2_total: 1972.1788896508394
epsilon_median: null
epsilon_p16: null
epsilon_p84: null
k_parameters: 93
likelihood: gauss
logL_total_full: -6787.136524832757
model: mond
n_galaxies: 91
nwalkers: 192
prior: galaxies-only
q_median: null
q_p16: null
q_p84: null
resumed: false
sigma_sys_median: 7.724684126974813
sigma_sys_p16: 7.502612957303301
sigma_sys_p84: 7.953600287093499
steps: 12000
t_dof: 8.0
thin: 1
