AIC_full: 14809.347033817985
AIC_quad: 3758.4809983266796
BIC_full: 15324.983244972876
BIC_quad: 4274.11720948157
H0_si: 2.1842852410855023e-18
N_total: 1782
a0_median: null
a0_p16: null
a0_p84: null
backend_hdf5: results/revision_prod_20260306/ptq-screen_gauss/chain.h5
burn_in: 133
chi2_total: 3570.4809983266796
epsilon_median: 0.18130384348019457
epsilon_p16: 0.16962116565381122
epsilon_p84: 0.19330136223880912
k_parameters: 94
likelihood: gauss
logL_total_full: -7310.6735169089925
model: ptq-screen
n_galaxies: 91
nwalkers: 192
prior: galaxies-only
q_median: 0.9378654513802279
q_p16: 0.9185349896534868
q_p84: 0.9580333798006884
resumed: false
sigma_sys_median: 5.9945610464678
sigma_sys_p16: 5.447399056133854
sigma_sys_p84: 6.42313935441161
steps: 400
t_dof: 8.0
thin: 1
