AIC_full: 13972.286541679636
AIC_quad: 2296.7786772975105
BIC_full: 14482.437261226496
BIC_quad: 2806.929396844371
H0_si: 2.1842852410855023e-18
N_total: 1782
a0_median: 1.0520273053444205e-10
a0_p16: 1.0175328160219448e-10
a0_p84: 1.0888179414491776e-10
backend_hdf5: results/revision_prod_20260306_core3000/mond_gauss/chain.h5
burn_in: 1000
chi2_total: 2110.7786772975105
epsilon_median: null
epsilon_p16: null
epsilon_p84: null
k_parameters: 93
likelihood: gauss
logL_total_full: -6893.143270839818
model: mond
n_galaxies: 91
nwalkers: 192
prior: galaxies-only
q_median: null
q_p16: null
q_p84: null
resumed: false
sigma_sys_median: 7.96844359260498
sigma_sys_p16: 7.688362271019044
sigma_sys_p84: 8.252704541459245
steps: 3000
t_dof: 8.0
thin: 1
