AIC_full: 13821.989962037014
AIC_quad: 2168.694874743529
BIC_full: 14337.626173191906
BIC_quad: 2684.33108589842
H0_si: 2.1842852410855023e-18
N_total: 1782
a0_median: null
a0_p16: null
a0_p84: null
backend_hdf5: results/revision_robustness_core_multiseed12000/seed_0/ptq-screen_gauss/chain.h5
burn_in: 4000
chi2_total: 1980.694874743529
epsilon_median: 0.1886756615423004
epsilon_p16: 0.1772904536467419
epsilon_p84: 0.20178541289612742
k_parameters: 94
likelihood: gauss
logL_total_full: -6816.994981018507
model: ptq-screen
n_galaxies: 91
nwalkers: 192
prior: galaxies-only
q_median: 0.9343528498002024
q_p16: 0.9168778851107614
q_p84: 0.9514822288989593
resumed: false
sigma_sys_median: 7.905951925030955
sigma_sys_p16: 7.676807416898165
sigma_sys_p84: 8.150737720611355
steps: 12000
t_dof: 8.0
thin: 1
