diff: -1.3367653731079019
epsilon_RC: 0.15514831461431441
epsilon_cos: 1.4919136877222163
pass_within_3sigma: false
sigma_RC: 0.0050366526510802895
