AIC_full: 13784.751851606536
AIC_quad: 2140.614208146528
BIC_full: 14294.902571153396
BIC_quad: 2650.7649276933885
H0_si: 2.1842852410855023e-18
N_total: 1782
a0_median: null
a0_p16: null
a0_p84: null
backend_hdf5: results/revision_baseline_sixmodels_12000/ptq-nu_gauss/chain.h5
burn_in: 4000
chi2_total: 1954.6142081465282
epsilon_median: 0.15514831461431441
epsilon_p16: 0.150184671834766
epsilon_p84: 0.16025797713692658
k_parameters: 93
likelihood: gauss
logL_total_full: -6799.375925803268
model: ptq-nu
n_galaxies: 91
nwalkers: 192
prior: galaxies-only
q_median: null
q_p16: null
q_p84: null
resumed: false
sigma_sys_median: 7.864941774022764
sigma_sys_p16: 7.616961925618573
sigma_sys_p84: 8.124451606478502
steps: 12000
t_dof: 8.0
thin: 1
