AIC_full: 13770.99550288491
AIC_quad: 2150.4365042238214
BIC_full: 14281.146222431771
BIC_quad: 2660.5872237706817
H0_si: 2.1842852410855023e-18
N_total: 1782
a0_median: 1.0345940791322971e-10
a0_p16: 1.0049811202158263e-10
a0_p84: 1.0635421257639658e-10
backend_hdf5: results/revision_robustness_core_multiseed12000/seed_0/mond_gauss/chain.h5
burn_in: 4000
chi2_total: 1964.4365042238214
epsilon_median: null
epsilon_p16: null
epsilon_p84: null
k_parameters: 93
likelihood: gauss
logL_total_full: -6792.497751442455
model: mond
n_galaxies: 91
nwalkers: 192
prior: galaxies-only
q_median: null
q_p16: null
q_p84: null
resumed: false
sigma_sys_median: 7.784913059124356
sigma_sys_p16: 7.569830803948926
sigma_sys_p84: 8.005221241560427
steps: 12000
t_dof: 8.0
thin: 1
