AIC_full: 14842.84633716012
AIC_quad: 2199.3970193492505
BIC_full: 15352.99705670698
BIC_quad: 2709.547738896111
H0_si: 2.1842852410855023e-18
N_total: 1782
a0_median: null
a0_p16: null
a0_p84: null
backend_hdf5: results/revision_baseline_sixmodels_12000/ptq_gauss/chain.h5
burn_in: 4000
chi2_total: 2013.3970193492505
epsilon_median: 0.03745763872555748
epsilon_p16: 0.036599349801776836
epsilon_p84: 0.0383145135250624
k_parameters: 93
likelihood: gauss
logL_total_full: -7328.42316858006
model: ptq
n_galaxies: 91
nwalkers: 192
prior: galaxies-only
q_median: null
q_p16: null
q_p84: null
resumed: false
sigma_sys_median: 11.590661585808492
sigma_sys_p16: 11.283195148593926
sigma_sys_p84: 11.915414924233591
steps: 12000
t_dof: 8.0
thin: 1
