AIC_full: 14456.498465453527
AIC_quad: 3123.937353332183
BIC_full: 14972.134676608419
BIC_quad: 3639.5735644870742
H0_si: 2.1842852410855023e-18
N_total: 1782
a0_median: 1.2950638462912768e-10
a0_p16: 1.2092880358724465e-10
a0_p84: 1.3880987182282294e-10
backend_hdf5: results/revision_prod_20260306/mond-screen_gauss/chain.h5
burn_in: 133
chi2_total: 2935.937353332183
epsilon_median: null
epsilon_p16: null
epsilon_p84: null
k_parameters: 94
likelihood: gauss
logL_total_full: -7134.249232726764
model: mond-screen
n_galaxies: 91
nwalkers: 192
prior: galaxies-only
q_median: 0.9365467023296268
q_p16: 0.9154809324758113
q_p84: 0.9572742799386394
resumed: false
sigma_sys_median: 6.851983453626196
sigma_sys_p16: 6.205457271146884
sigma_sys_p84: 7.368457813231673
steps: 400
t_dof: 8.0
thin: 1
