AIC_full: 13806.465021656097
AIC_quad: 2134.4044528365134
BIC_full: 14316.615741202957
BIC_quad: 2644.5551723833737
H0_si: 2.1842852410855023e-18
N_total: 1782
a0_median: null
a0_p16: null
a0_p84: null
backend_hdf5: results/revision_robustness_core_multiseed12000/seed_13/ptq-nu_gauss/chain.h5
burn_in: 4000
chi2_total: 1948.4044528365134
epsilon_median: 0.15710202788802435
epsilon_p16: 0.15266352910615555
epsilon_p84: 0.16172406734818057
k_parameters: 93
likelihood: gauss
logL_total_full: -6810.232510828048
model: ptq-nu
n_galaxies: 91
nwalkers: 192
prior: galaxies-only
q_median: null
q_p16: null
q_p84: null
resumed: false
sigma_sys_median: 7.961013559810203
sigma_sys_p16: 7.709254710391654
sigma_sys_p84: 8.217473046849928
steps: 12000
t_dof: 8.0
thin: 1
