AIC_full: 15192.203817944654
AIC_quad: 4614.9267302316075
BIC_full: 15702.354537491514
BIC_quad: 5125.077449778468
H0_si: 2.1842852410855023e-18
N_total: 1782
a0_median: 1.0713507089532834e-10
a0_p16: 1.003563264908805e-10
a0_p84: 1.134223093792894e-10
backend_hdf5: results/mond_gauss/chain.h5
burn_in: 33
chi2_total: 4428.9267302316075
epsilon_median: null
epsilon_p16: null
epsilon_p84: null
k_parameters: 93
likelihood: gauss
logL_total_full: -7503.101908972327
model: mond
n_galaxies: 91
nwalkers: 186
prior: galaxies-only
q_median: null
q_p16: null
q_p84: null
resumed: false
sigma_sys_median: 4.623204087591876
sigma_sys_p16: 4.371047097922084
sigma_sys_p84: 4.941072534653707
steps: 100
t_dof: 8.0
thin: 10
