AIC_full: 13762.749052179299
AIC_quad: 2152.7739725117353
BIC_full: 14278.38526333419
BIC_quad: 2668.4101836666264
H0_si: 2.1842852410855023e-18
N_total: 1782
a0_median: 1.2936750198279729e-10
a0_p16: 1.2043037924184412e-10
a0_p84: 1.4022128510189068e-10
backend_hdf5: results/revision_robustness_core_multiseed12000/seed_0/mond-screen_gauss/chain.h5
burn_in: 4000
chi2_total: 1964.7739725117356
epsilon_median: null
epsilon_p16: null
epsilon_p84: null
k_parameters: 94
likelihood: gauss
logL_total_full: -6787.374526089649
model: mond-screen
n_galaxies: 91
nwalkers: 192
prior: galaxies-only
q_median: 0.9286783258463132
q_p16: 0.9084492212339956
q_p84: 0.9488801795051128
resumed: false
sigma_sys_median: 7.7588219126775355
sigma_sys_p16: 7.543900432989585
sigma_sys_p84: 7.9936668784769225
steps: 12000
t_dof: 8.0
thin: 1
