AIC_full: 13768.771187639197
AIC_quad: 2199.516835157834
BIC_full: 14278.921907186057
BIC_quad: 2709.667554704694
H0_si: 2.1842852410855023e-18
N_total: 1782
a0_median: null
a0_p16: null
a0_p84: null
backend_hdf5: results/revision_robustness_core_multiseed12000/seed_7/ptq-nu_gauss/chain.h5
burn_in: 4000
chi2_total: 2013.5168351578338
epsilon_median: 0.16037597177833202
epsilon_p16: 0.1554559725644663
epsilon_p84: 0.16576260567405915
k_parameters: 93
likelihood: gauss
logL_total_full: -6791.385593819598
model: ptq-nu
n_galaxies: 91
nwalkers: 192
prior: galaxies-only
q_median: null
q_p16: null
q_p84: null
resumed: false
sigma_sys_median: 7.612686236862423
sigma_sys_p16: 7.39888402045695
sigma_sys_p84: 7.848447461499109
steps: 12000
t_dof: 8.0
thin: 1
