AIC_full: 13781.278301539565
AIC_quad: 2153.962614953981
BIC_full: 14291.429021086426
BIC_quad: 2664.1133345008407
H0_si: 2.1842852410855023e-18
N_total: 1782
a0_median: 1.0367147657936117e-10
a0_p16: 1.0072177670109725e-10
a0_p84: 1.0671535291417212e-10
backend_hdf5: results/revision_prod_equal12000_fresh/mond_gauss/chain.h5
burn_in: 4000
chi2_total: 1967.9626149539806
epsilon_median: null
epsilon_p16: null
epsilon_p84: null
k_parameters: 93
likelihood: gauss
logL_total_full: -6797.639150769783
model: mond
n_galaxies: 91
nwalkers: 192
prior: galaxies-only
q_median: null
q_p16: null
q_p84: null
resumed: false
sigma_sys_median: 7.807203862341038
sigma_sys_p16: 7.570709414781463
sigma_sys_p84: 8.042634732640451
steps: 12000
t_dof: 8.0
thin: 1
