AIC_full: 392.4171666524497
AIC_quad: 128.80694080426755
BIC_full: 408.1795019608667
BIC_quad: 144.56927611268452
H0_si: 2.1842852410855023e-18
N_total: 53
a0_median: 6.867259672688719e-11
a0_p16: 5.4055480476562274e-11
a0_p84: 1.0659907190779825e-10
backend_hdf5: results/revision_prod_20260306/mond-screen_smoke/chain.h5
burn_in: 13
chi2_total: 112.80694080426755
epsilon_median: null
epsilon_p16: null
epsilon_p84: null
k_parameters: 8
likelihood: gauss
logL_total_full: -188.20858332622484
model: mond-screen
n_galaxies: 5
nwalkers: 192
prior: galaxies-only
q_median: 0.9977716458432921
q_p16: 0.8662116758353386
q_p84: 1.1038561397367987
resumed: false
sigma_sys_median: 4.25278405200569
sigma_sys_p16: 3.971349164985918
sigma_sys_p84: 4.8138551683341975
steps: 40
t_dof: 8.0
thin: 1
